-20130616120332
-20130616120340
-20130616120347
-20130616120352
-20130616120503
-20130616120504
-20130616121231
-20130616121242
-20130616121249
-20130616121257
-20130616121312
-20130616121313
-20130616121317
-20130616121320
-20130616145936
-20130616145942
-20130616145944
-20130616145954
-20130616150019
-20130616152834
-20130616152847
-20130616152901
-20130616152908
-20130616152932
-20130616153823
-20130616153831
-20130616153839
-20130616154113
-20130616154153
-20130616154156
-20130616154438
-20130616154449
-20130616154523
-20130616154532
-20130616154536
-20130616160447
